4791 4802 4794 4796 -120.0 2.5
4826 4829 4831 4833  0.0 0.0
4925 4936 4928 4930 -120.0 2.5
4960 4963 4965 4967  0.0 0.0
5059 5070 5062 5064 -120.0 2.5
5094 5097 5099 5101  0.0 0.0
5193 5204 5196 5198 -120.0 2.5
5228 5231 5233 5235  0.0 0.0
5327 5338 5330 5332 -120.0 2.5
5362 5365 5367 5369  0.0 0.0
5461 5472 5464 5466 -120.0 2.5
5496 5499 5501 5503  0.0 0.0
5595 5606 5598 5600 -120.0 2.5
5630 5633 5635 5637  0.0 0.0
5729 5740 5732 5734 -120.0 2.5
5764 5767 5769 5771  0.0 0.0
5863 5874 5866 5868 -120.0 2.5
5898 5901 5903 5905  0.0 0.0
5997 6008 6000 6002 -120.0 2.5
6032 6035 6037 6039  0.0 0.0
6131 6142 6134 6136 -120.0 2.5
6166 6169 6171 6173  0.0 0.0
6265 6276 6268 6270 -120.0 2.5
6300 6303 6305 6307  0.0 0.0
6399 6410 6402 6404 -120.0 2.5
6434 6437 6439 6441  0.0 0.0
6533 6544 6536 6538 -120.0 2.5
6568 6571 6573 6575  0.0 0.0
6667 6678 6670 6672 -120.0 2.5
6702 6705 6707 6709  0.0 0.0
6801 6812 6804 6806 -120.0 2.5
6836 6839 6841 6843  0.0 0.0
6935 6946 6938 6940 -120.0 2.5
6970 6973 6975 6977  0.0 0.0
7069 7080 7072 7074 -120.0 2.5
7104 7107 7109 7111  0.0 0.0
7203 7214 7206 7208 -120.0 2.5
7238 7241 7243 7245  0.0 0.0
7337 7348 7340 7342 -120.0 2.5
7372 7375 7377 7379  0.0 0.0
7471 7482 7474 7476 -120.0 2.5
7506 7509 7511 7513  0.0 0.0
7605 7616 7608 7610 -120.0 2.5
7640 7643 7645 7647  0.0 0.0
7739 7750 7742 7744 -120.0 2.5
7774 7777 7779 7781  0.0 0.0
7873 7884 7876 7878 -120.0 2.5
7908 7911 7913 7915  0.0 0.0
8007 8018 8010 8012 -120.0 2.5
8042 8045 8047 8049  0.0 0.0
8141 8152 8144 8146 -120.0 2.5
8176 8179 8181 8183  0.0 0.0
8275 8286 8278 8280 -120.0 2.5
8310 8313 8315 8317  0.0 0.0
8409 8420 8412 8414 -120.0 2.5
8444 8447 8449 8451  0.0 0.0
8543 8554 8546 8548 -120.0 2.5
8578 8581 8583 8585  0.0 0.0
8677 8688 8680 8682 -120.0 2.5
8712 8715 8717 8719  0.0 0.0
8811 8822 8814 8816 -120.0 2.5
8846 8849 8851 8853  0.0 0.0
8945 8956 8948 8950 -120.0 2.5
8980 8983 8985 8987  0.0 0.0
9079 9090 9082 9084 -120.0 2.5
9114 9117 9119 9121  0.0 0.0
9213 9224 9216 9218 -120.0 2.5
9248 9251 9253 9255  0.0 0.0
9347 9358 9350 9352 -120.0 2.5
9382 9385 9387 9389  0.0 0.0
9481 9492 9484 9486 -120.0 2.5
9516 9519 9521 9523  0.0 0.0
9615 9626 9618 9620 -120.0 2.5
9650 9653 9655 9657  0.0 0.0
9749 9760 9752 9754 -120.0 2.5
9784 9787 9789 9791  0.0 0.0
9883 9894 9886 9888 -120.0 2.5
9918 9921 9923 9925  0.0 0.0
10017 10028 10020 10022 -120.0 2.5
10052 10055 10057 10059  0.0 0.0
10151 10162 10154 10156 -120.0 2.5
10186 10189 10191 10193  0.0 0.0
10285 10296 10288 10290 -120.0 2.5
10320 10323 10325 10327  0.0 0.0
10419 10430 10422 10424 -120.0 2.5
10454 10457 10459 10461  0.0 0.0
10553 10564 10556 10558 -120.0 2.5
10588 10591 10593 10595  0.0 0.0
10687 10698 10690 10692 -120.0 2.5
10722 10725 10727 10729  0.0 0.0
10821 10832 10824 10826 -120.0 2.5
10856 10859 10861 10863  0.0 0.0
10955 10966 10958 10960 -120.0 2.5
10990 10993 10995 10997  0.0 0.0
11089 11100 11092 11094 -120.0 2.5
11124 11127 11129 11131  0.0 0.0
11223 11234 11226 11228 -120.0 2.5
11258 11261 11263 11265  0.0 0.0
11357 11368 11360 11362 -120.0 2.5
11392 11395 11397 11399  0.0 0.0
11491 11502 11494 11496 -120.0 2.5
11526 11529 11531 11533  0.0 0.0
11625 11636 11628 11630 -120.0 2.5
11660 11663 11665 11667  0.0 0.0
11759 11770 11762 11764 -120.0 2.5
11794 11797 11799 11801  0.0 0.0
11893 11904 11896 11898 -120.0 2.5
11928 11931 11933 11935  0.0 0.0
12027 12038 12030 12032 -120.0 2.5
12062 12065 12067 12069  0.0 0.0
12161 12172 12164 12166 -120.0 2.5
12196 12199 12201 12203  0.0 0.0
12295 12306 12298 12300 -120.0 2.5
12330 12333 12335 12337  0.0 0.0
12429 12440 12432 12434 -120.0 2.5
12464 12467 12469 12471  0.0 0.0
12563 12574 12566 12568 -120.0 2.5
12598 12601 12603 12605  0.0 0.0
12697 12708 12700 12702 -120.0 2.5
12732 12735 12737 12739  0.0 0.0
12831 12842 12834 12836 -120.0 2.5
12866 12869 12871 12873  0.0 0.0
12965 12976 12968 12970 -120.0 2.5
13000 13003 13005 13007  0.0 0.0
13099 13110 13102 13104 -120.0 2.5
13134 13137 13139 13141  0.0 0.0
13233 13244 13236 13238 -120.0 2.5
13268 13271 13273 13275  0.0 0.0
13367 13378 13370 13372 -120.0 2.5
13402 13405 13407 13409  0.0 0.0
13501 13512 13504 13506 -120.0 2.5
13536 13539 13541 13543  0.0 0.0
13635 13646 13638 13640 -120.0 2.5
13670 13673 13675 13677  0.0 0.0
13769 13780 13772 13774 -120.0 2.5
13804 13807 13809 13811  0.0 0.0
13903 13914 13906 13908 -120.0 2.5
13938 13941 13943 13945  0.0 0.0
14037 14048 14040 14042 -120.0 2.5
14072 14075 14077 14079  0.0 0.0
14171 14182 14174 14176 -120.0 2.5
14206 14209 14211 14213  0.0 0.0
14305 14316 14308 14310 -120.0 2.5
14340 14343 14345 14347  0.0 0.0
14439 14450 14442 14444 -120.0 2.5
14474 14477 14479 14481  0.0 0.0
14573 14584 14576 14578 -120.0 2.5
14608 14611 14613 14615  0.0 0.0
14707 14718 14710 14712 -120.0 2.5
14742 14745 14747 14749  0.0 0.0
14841 14852 14844 14846 -120.0 2.5
14876 14879 14881 14883  0.0 0.0
14975 14986 14978 14980 -120.0 2.5
15010 15013 15015 15017  0.0 0.0
15109 15120 15112 15114 -120.0 2.5
15144 15147 15149 15151  0.0 0.0
15243 15254 15246 15248 -120.0 2.5
15278 15281 15283 15285  0.0 0.0
15377 15388 15380 15382 -120.0 2.5
15412 15415 15417 15419  0.0 0.0
15511 15522 15514 15516 -120.0 2.5
15546 15549 15551 15553  0.0 0.0
15645 15656 15648 15650 -120.0 2.5
15680 15683 15685 15687  0.0 0.0
15779 15790 15782 15784 -120.0 2.5
15814 15817 15819 15821  0.0 0.0
15913 15924 15916 15918 -120.0 2.5
15948 15951 15953 15955  0.0 0.0
16047 16058 16050 16052 -120.0 2.5
16082 16085 16087 16089  0.0 0.0
16181 16192 16184 16186 -120.0 2.5
16216 16219 16221 16223  0.0 0.0
16315 16326 16318 16320 -120.0 2.5
16350 16353 16355 16357  0.0 0.0
16449 16460 16452 16454 -120.0 2.5
16484 16487 16489 16491  0.0 0.0
16583 16594 16586 16588 -120.0 2.5
16618 16621 16623 16625  0.0 0.0
16717 16728 16720 16722 -120.0 2.5
16752 16755 16757 16759  0.0 0.0
16851 16862 16854 16856 -120.0 2.5
16886 16889 16891 16893  0.0 0.0
16985 16996 16988 16990 -120.0 2.5
17020 17023 17025 17027  0.0 0.0
17119 17130 17122 17124 -120.0 2.5
17154 17157 17159 17161  0.0 0.0
17253 17264 17256 17258 -120.0 2.5
17288 17291 17293 17295  0.0 0.0
17387 17398 17390 17392 -120.0 2.5
17422 17425 17427 17429  0.0 0.0
17521 17532 17524 17526 -120.0 2.5
17556 17559 17561 17563  0.0 0.0
17655 17666 17658 17660 -120.0 2.5
17690 17693 17695 17697  0.0 0.0
17789 17800 17792 17794 -120.0 2.5
17824 17827 17829 17831  0.0 0.0
17923 17934 17926 17928 -120.0 2.5
17958 17961 17963 17965  0.0 0.0
18057 18068 18060 18062 -120.0 2.5
18092 18095 18097 18099  0.0 0.0
18191 18202 18194 18196 -120.0 2.5
18226 18229 18231 18233  0.0 0.0
18325 18336 18328 18330 -120.0 2.5
18360 18363 18365 18367  0.0 0.0
18459 18470 18462 18464 -120.0 2.5
18494 18497 18499 18501  0.0 0.0
18593 18604 18596 18598 -120.0 2.5
18628 18631 18633 18635  0.0 0.0
18727 18738 18730 18732 -120.0 2.5
18762 18765 18767 18769  0.0 0.0
18861 18872 18864 18866 -120.0 2.5
18896 18899 18901 18903  0.0 0.0
18995 19006 18998 19000 -120.0 2.5
19030 19033 19035 19037  0.0 0.0
19129 19140 19132 19134 -120.0 2.5
19164 19167 19169 19171  0.0 0.0
19263 19274 19266 19268 -120.0 2.5
19298 19301 19303 19305  0.0 0.0
19397 19408 19400 19402 -120.0 2.5
19432 19435 19437 19439  0.0 0.0
19531 19542 19534 19536 -120.0 2.5
19566 19569 19571 19573  0.0 0.0
19665 19676 19668 19670 -120.0 2.5
19700 19703 19705 19707  0.0 0.0
19799 19810 19802 19804 -120.0 2.5
19834 19837 19839 19841  0.0 0.0
19933 19944 19936 19938 -120.0 2.5
19968 19971 19973 19975  0.0 0.0
20067 20078 20070 20072 -120.0 2.5
20102 20105 20107 20109  0.0 0.0
20201 20212 20204 20206 -120.0 2.5
20236 20239 20241 20243  0.0 0.0
20335 20346 20338 20340 -120.0 2.5
20370 20373 20375 20377  0.0 0.0
20469 20480 20472 20474 -120.0 2.5
20504 20507 20509 20511  0.0 0.0
20603 20614 20606 20608 -120.0 2.5
20638 20641 20643 20645  0.0 0.0
20737 20748 20740 20742 -120.0 2.5
20772 20775 20777 20779  0.0 0.0
20871 20882 20874 20876 -120.0 2.5
20906 20909 20911 20913  0.0 0.0
21005 21016 21008 21010 -120.0 2.5
21040 21043 21045 21047  0.0 0.0
21139 21150 21142 21144 -120.0 2.5
21174 21177 21179 21181  0.0 0.0
21273 21284 21276 21278 -120.0 2.5
21308 21311 21313 21315  0.0 0.0
21407 21418 21410 21412 -120.0 2.5
21442 21445 21447 21449  0.0 0.0
21541 21552 21544 21546 -120.0 2.5
21576 21579 21581 21583  0.0 0.0
21675 21686 21678 21680 -120.0 2.5
21710 21713 21715 21717  0.0 0.0
21809 21820 21812 21814 -120.0 2.5
21844 21847 21849 21851  0.0 0.0
21943 21954 21946 21948 -120.0 2.5
21978 21981 21983 21985  0.0 0.0
22077 22088 22080 22082 -120.0 2.5
22112 22115 22117 22119  0.0 0.0
22211 22222 22214 22216 -120.0 2.5
22246 22249 22251 22253  0.0 0.0
22345 22356 22348 22350 -120.0 2.5
22380 22383 22385 22387  0.0 0.0
22479 22490 22482 22484 -120.0 2.5
22514 22517 22519 22521  0.0 0.0
22613 22624 22616 22618 -120.0 2.5
22648 22651 22653 22655  0.0 0.0
22747 22758 22750 22752 -120.0 2.5
22782 22785 22787 22789  0.0 0.0
22881 22892 22884 22886 -120.0 2.5
22916 22919 22921 22923  0.0 0.0
23015 23026 23018 23020 -120.0 2.5
23050 23053 23055 23057  0.0 0.0
23149 23160 23152 23154 -120.0 2.5
23184 23187 23189 23191  0.0 0.0
23283 23294 23286 23288 -120.0 2.5
23318 23321 23323 23325  0.0 0.0
23417 23428 23420 23422 -120.0 2.5
23452 23455 23457 23459  0.0 0.0
23551 23562 23554 23556 -120.0 2.5
23586 23589 23591 23593  0.0 0.0
23685 23696 23688 23690 -120.0 2.5
23720 23723 23725 23727  0.0 0.0
23819 23830 23822 23824 -120.0 2.5
23854 23857 23859 23861  0.0 0.0
23953 23964 23956 23958 -120.0 2.5
23988 23991 23993 23995  0.0 0.0
24087 24098 24090 24092 -120.0 2.5
24122 24125 24127 24129  0.0 0.0
24221 24232 24224 24226 -120.0 2.5
24256 24259 24261 24263  0.0 0.0
24355 24366 24358 24360 -120.0 2.5
24390 24393 24395 24397  0.0 0.0
24489 24500 24492 24494 -120.0 2.5
24524 24527 24529 24531  0.0 0.0
24623 24634 24626 24628 -120.0 2.5
24658 24661 24663 24665  0.0 0.0
24757 24768 24760 24762 -120.0 2.5
24792 24795 24797 24799  0.0 0.0
24891 24902 24894 24896 -120.0 2.5
24926 24929 24931 24933  0.0 0.0
25025 25036 25028 25030 -120.0 2.5
25060 25063 25065 25067  0.0 0.0
25159 25170 25162 25164 -120.0 2.5
25194 25197 25199 25201  0.0 0.0
25293 25304 25296 25298 -120.0 2.5
25328 25331 25333 25335  0.0 0.0
25427 25438 25430 25432 -120.0 2.5
25462 25465 25467 25469  0.0 0.0
25561 25572 25564 25566 -120.0 2.5
25596 25599 25601 25603  0.0 0.0
25695 25706 25698 25700 -120.0 2.5
25730 25733 25735 25737  0.0 0.0
25829 25840 25832 25834 -120.0 2.5
25864 25867 25869 25871  0.0 0.0
25963 25974 25966 25968 -120.0 2.5
25998 26001 26003 26005  0.0 0.0
26097 26108 26100 26102 -120.0 2.5
26132 26135 26137 26139  0.0 0.0
26231 26242 26234 26236 -120.0 2.5
26266 26269 26271 26273  0.0 0.0
26365 26376 26368 26370 -120.0 2.5
26400 26403 26405 26407  0.0 0.0
26499 26510 26502 26504 -120.0 2.5
26534 26537 26539 26541  0.0 0.0
26633 26644 26636 26638 -120.0 2.5
26668 26671 26673 26675  0.0 0.0
26767 26778 26770 26772 -120.0 2.5
26802 26805 26807 26809  0.0 0.0
26901 26912 26904 26906 -120.0 2.5
26936 26939 26941 26943  0.0 0.0
27035 27046 27038 27040 -120.0 2.5
27070 27073 27075 27077  0.0 0.0
27169 27180 27172 27174 -120.0 2.5
27204 27207 27209 27211  0.0 0.0
27303 27314 27306 27308 -120.0 2.5
27338 27341 27343 27345  0.0 0.0
27437 27448 27440 27442 -120.0 2.5
27472 27475 27477 27479  0.0 0.0
27571 27582 27574 27576 -120.0 2.5
27606 27609 27611 27613  0.0 0.0
27705 27716 27708 27710 -120.0 2.5
27740 27743 27745 27747  0.0 0.0
27839 27850 27842 27844 -120.0 2.5
27874 27877 27879 27881  0.0 0.0
27973 27984 27976 27978 -120.0 2.5
28008 28011 28013 28015  0.0 0.0
28107 28118 28110 28112 -120.0 2.5
28142 28145 28147 28149  0.0 0.0
28241 28252 28244 28246 -120.0 2.5
28276 28279 28281 28283  0.0 0.0
28375 28386 28378 28380 -120.0 2.5
28410 28413 28415 28417  0.0 0.0
28509 28520 28512 28514 -120.0 2.5
28544 28547 28549 28551  0.0 0.0
28643 28654 28646 28648 -120.0 2.5
28678 28681 28683 28685  0.0 0.0
28777 28788 28780 28782 -120.0 2.5
28812 28815 28817 28819  0.0 0.0
28911 28922 28914 28916 -120.0 2.5
28946 28949 28951 28953  0.0 0.0
29045 29056 29048 29050 -120.0 2.5
29080 29083 29085 29087  0.0 0.0
29179 29190 29182 29184 -120.0 2.5
29214 29217 29219 29221  0.0 0.0
29313 29324 29316 29318 -120.0 2.5
29348 29351 29353 29355  0.0 0.0
29447 29458 29450 29452 -120.0 2.5
29482 29485 29487 29489  0.0 0.0
29581 29592 29584 29586 -120.0 2.5
29616 29619 29621 29623  0.0 0.0
29715 29726 29718 29720 -120.0 2.5
29750 29753 29755 29757  0.0 0.0
29849 29860 29852 29854 -120.0 2.5
29884 29887 29889 29891  0.0 0.0
29983 29994 29986 29988 -120.0 2.5
30018 30021 30023 30025  0.0 0.0
30117 30128 30120 30122 -120.0 2.5
30152 30155 30157 30159  0.0 0.0
30251 30262 30254 30256 -120.0 2.5
30286 30289 30291 30293  0.0 0.0
30385 30396 30388 30390 -120.0 2.5
30420 30423 30425 30427  0.0 0.0
30519 30530 30522 30524 -120.0 2.5
30554 30557 30559 30561  0.0 0.0
30653 30664 30656 30658 -120.0 2.5
30688 30691 30693 30695  0.0 0.0
30787 30798 30790 30792 -120.0 2.5
30822 30825 30827 30829  0.0 0.0
30921 30932 30924 30926 -120.0 2.5
30956 30959 30961 30963  0.0 0.0
31055 31066 31058 31060 -120.0 2.5
31090 31093 31095 31097  0.0 0.0
31189 31200 31192 31194 -120.0 2.5
31224 31227 31229 31231  0.0 0.0
31323 31334 31326 31328 -120.0 2.5
31358 31361 31363 31365  0.0 0.0
31457 31468 31460 31462 -120.0 2.5
31492 31495 31497 31499  0.0 0.0
31591 31602 31594 31596 -120.0 2.5
31626 31629 31631 31633  0.0 0.0
31725 31736 31728 31730 -120.0 2.5
31760 31763 31765 31767  0.0 0.0
31859 31870 31862 31864 -120.0 2.5
31894 31897 31899 31901  0.0 0.0
31993 32004 31996 31998 -120.0 2.5
32028 32031 32033 32035  0.0 0.0
32127 32138 32130 32132 -120.0 2.5
32162 32165 32167 32169  0.0 0.0
32261 32272 32264 32266 -120.0 2.5
32296 32299 32301 32303  0.0 0.0
32395 32406 32398 32400 -120.0 2.5
32430 32433 32435 32437  0.0 0.0
32529 32540 32532 32534 -120.0 2.5
32564 32567 32569 32571  0.0 0.0
32663 32674 32666 32668 -120.0 2.5
32698 32701 32703 32705  0.0 0.0
32797 32808 32800 32802 -120.0 2.5
32832 32835 32837 32839  0.0 0.0
32931 32942 32934 32936 -120.0 2.5
32966 32969 32971 32973  0.0 0.0
33065 33076 33068 33070 -120.0 2.5
33100 33103 33105 33107  0.0 0.0
33199 33210 33202 33204 -120.0 2.5
33234 33237 33239 33241  0.0 0.0
33333 33344 33336 33338 -120.0 2.5
33368 33371 33373 33375  0.0 0.0
33467 33478 33470 33472 -120.0 2.5
33502 33505 33507 33509  0.0 0.0
33601 33612 33604 33606 -120.0 2.5
33636 33639 33641 33643  0.0 0.0
33735 33746 33738 33740 -120.0 2.5
33770 33773 33775 33777  0.0 0.0
33869 33880 33872 33874 -120.0 2.5
33904 33907 33909 33911  0.0 0.0
34003 34014 34006 34008 -120.0 2.5
34038 34041 34043 34045  0.0 0.0
34137 34148 34140 34142 -120.0 2.5
34172 34175 34177 34179  0.0 0.0
34271 34282 34274 34276 -120.0 2.5
34306 34309 34311 34313  0.0 0.0
34405 34416 34408 34410 -120.0 2.5
34440 34443 34445 34447  0.0 0.0
34539 34550 34542 34544 -120.0 2.5
34574 34577 34579 34581  0.0 0.0
34673 34684 34676 34678 -120.0 2.5
34708 34711 34713 34715  0.0 0.0
34807 34818 34810 34812 -120.0 2.5
34842 34845 34847 34849  0.0 0.0
34941 34952 34944 34946 -120.0 2.5
34976 34979 34981 34983  0.0 0.0
35075 35086 35078 35080 -120.0 2.5
35110 35113 35115 35117  0.0 0.0
35209 35220 35212 35214 -120.0 2.5
35244 35247 35249 35251  0.0 0.0
35343 35354 35346 35348 -120.0 2.5
35378 35381 35383 35385  0.0 0.0
35477 35488 35480 35482 -120.0 2.5
35512 35515 35517 35519  0.0 0.0
35611 35622 35614 35616 -120.0 2.5
35646 35649 35651 35653  0.0 0.0
35745 35756 35748 35750 -120.0 2.5
35780 35783 35785 35787  0.0 0.0
35879 35890 35882 35884 -120.0 2.5
35914 35917 35919 35921  0.0 0.0
36013 36024 36016 36018 -120.0 2.5
36048 36051 36053 36055  0.0 0.0
36147 36158 36150 36152 -120.0 2.5
36182 36185 36187 36189  0.0 0.0
36281 36292 36284 36286 -120.0 2.5
36316 36319 36321 36323  0.0 0.0
36415 36426 36418 36420 -120.0 2.5
36450 36453 36455 36457  0.0 0.0
36549 36560 36552 36554 -120.0 2.5
36584 36587 36589 36591  0.0 0.0
36683 36694 36686 36688 -120.0 2.5
36718 36721 36723 36725  0.0 0.0
36817 36828 36820 36822 -120.0 2.5
36852 36855 36857 36859  0.0 0.0
36951 36962 36954 36956 -120.0 2.5
36986 36989 36991 36993  0.0 0.0
37085 37096 37088 37090 -120.0 2.5
37120 37123 37125 37127  0.0 0.0
37219 37230 37222 37224 -120.0 2.5
37254 37257 37259 37261  0.0 0.0
37353 37364 37356 37358 -120.0 2.5
37388 37391 37393 37395  0.0 0.0
37487 37498 37490 37492 -120.0 2.5
37522 37525 37527 37529  0.0 0.0
37621 37632 37624 37626 -120.0 2.5
37656 37659 37661 37663  0.0 0.0
37755 37766 37758 37760 -120.0 2.5
37790 37793 37795 37797  0.0 0.0
37889 37900 37892 37894 -120.0 2.5
37924 37927 37929 37931  0.0 0.0
38023 38034 38026 38028 -120.0 2.5
38058 38061 38063 38065  0.0 0.0
38157 38168 38160 38162 -120.0 2.5
38192 38195 38197 38199  0.0 0.0
38291 38302 38294 38296 -120.0 2.5
38326 38329 38331 38333  0.0 0.0
38425 38436 38428 38430 -120.0 2.5
38460 38463 38465 38467  0.0 0.0
38559 38570 38562 38564 -120.0 2.5
38594 38597 38599 38601  0.0 0.0
38693 38704 38696 38698 -120.0 2.5
38728 38731 38733 38735  0.0 0.0
38827 38838 38830 38832 -120.0 2.5
38862 38865 38867 38869  0.0 0.0
38961 38972 38964 38966 -120.0 2.5
38996 38999 39001 39003  0.0 0.0
39095 39106 39098 39100 -120.0 2.5
39130 39133 39135 39137  0.0 0.0
