4786
4920
5054
5188
5322
5456
5590
5724
5858
5992
6126
6260
6394
6528
6662
6796
6930
7064
7198
7332
7466
7600
7734
7868
8002
8136
8270
8404
8538
8672
8806
8940
9074
9208
9342
9476
9610
9744
9878
10012
10146
10280
10414
10548
10682
10816
10950
11084
11218
11352
11486
11620
11754
11888
12022
12156
12290
12424
12558
12692
12826
12960
13094
13228
13362
13496
13630
13764
13898
14032
14166
14300
14434
14568
14702
14836
14970
15104
15238
15372
15506
15640
15774
15908
16042
16176
16310
16444
16578
16712
16846
16980
17114
17248
17382
17516
17650
17784
17918
18052
18186
18320
18454
18588
18722
18856
18990
19124
19258
19392
19526
19660
19794
19928
20062
20196
20330
20464
20598
20732
20866
21000
21134
21268
21402
21536
21670
21804
21938
22072
22206
22340
22474
22608
22742
22876
23010
23144
23278
23412
23546
23680
23814
23948
24082
24216
24350
24484
24618
24752
24886
25020
25154
25288
25422
25556
25690
25824
25958
26092
26226
26360
26494
26628
26762
26896
27030
27164
27298
27432
27566
27700
27834
27968
28102
28236
28370
28504
28638
28772
28906
29040
29174
29308
29442
29576
29710
29844
29978
30112
30246
30380
30514
30648
30782
30916
31050
31184
31318
31452
31586
31720
31854
31988
32122
32256
32390
32524
32658
32792
32926
33060
33194
33328
33462
33596
33730
33864
33998
34132
34266
34400
34534
34668
34802
34936
35070
35204
35338
35472
35606
35740
35874
36008
36142
36276
36410
36544
36678
36812
36946
37080
37214
37348
37482
37616
37750
37884
38018
38152
38286
38420
38554
38688
38822
38956
39090
