Run semi-empirical minimization
 &qmmm
    qm_theory='AM1', grms_tol=0.0005,
 scfconv=1.d-10, ndiis_attempts=700,   qmcharge=1,
 /
   6    C1        0.9390        0.5380        0.6980 
   6    C2        3.7240       -0.3770        0.5550 
   6    C3        5.6820        1.1680        0.7600 
   6    C4        7.8410        0.5670       -0.0840 
   6    C5       -3.7910        0.6640       -0.0340 
   6    C6       -3.9080        1.6480        0.9390 
   6    C7       -4.9780        2.5220        0.9110 
   6    C8       -5.8190        1.4370       -1.0540 
   6    C9       -2.9060       -1.5270        0.2420 
   6   C10       -4.3080       -2.0630        0.3740 
   6   C11       -4.2550       -3.5350        0.7880 
   6   C12       -1.3510        0.2800       -0.2620 
   6   C13       -0.7320       -0.4880       -1.4330 
   6   C14        0.7040       -0.0060       -1.6510 
   6   C15       -0.4900        0.0720        0.9870 
   6   C16        2.9030        0.0960       -0.6460 
   6   C17        5.1770       -0.0460        0.3330 
   6   C18        7.0140        1.4740        0.5510 
   6   C19        7.3380       -0.6520       -0.5010 
   6   C20        6.0050       -0.9560       -0.2970 
   6   C21       -5.9320        2.4160       -0.0850 
   6   C22       -4.7510        0.5610       -1.0320 
   7    N1       -2.7060       -0.2190       -0.0110 
   7    N2        1.4870       -0.2270       -0.4290 
   8    O1       -1.9580       -2.2730        0.3630 
   1    H1        0.9310        1.5790        0.4520 
   1    H2        1.5470        0.3800        1.5640 
   1    H3        3.3770        0.1150        1.4400 
   1    H4        3.6130       -1.4350        0.6680 
   1    H5        5.0650        1.8460        1.2350 
   1    H6        8.8330        0.7990       -0.2470 
   1    H7       -3.1960        1.7260        1.6820 
   1    H8       -5.0650        3.2540        1.6330 
   1    H9       -6.5330        1.3600       -1.7950 
   1   H10       -4.8130       -1.9750       -0.5650 
   1   H11       -4.8350       -1.5020        1.1170 
   1   H12       -3.7280       -4.0960        0.0450 
   1   H13       -5.2510       -3.9150        0.8820 
   1   H14       -3.7490       -3.6230        1.7270 
   1   H15       -1.3960        1.3230       -0.4990 
   1   H16       -0.7280       -1.5350       -1.2120 
   1   H17       -1.3070       -0.3150       -2.3190 
   1   H18        1.1440       -0.5510       -2.4600 
   1   H19        0.6970        1.0380       -1.8850 
   1   H20       -0.8940        0.6400        1.7990 
   1   H21       -0.4830       -0.9650        1.2500 
   1   H22        3.2490       -0.3960       -1.5310 
   1   H23        3.0140        1.1540       -0.7590 
   1   H24        7.3910        2.3800        0.8690 
   1   H25        7.9580       -1.3350       -0.9650 
   1   H26        5.6280       -1.8630       -0.6150 
   1   H27       -6.7300        3.0700       -0.1050 
   1   H28       -4.6670       -0.1690       -1.7560 
   1   H29        1.4230       -1.2170       -0.1930 

